#Floyd-Warshall : one of the shortest paths for each pair of vertexes
1	28	11	2
1	3
1	4
1	28	11	5
1	28	11	6
1	28	11	7
1	28	11	8
1	28	11	9
1	28	11	10
1	28	11
1	28	11	12
1	13
1	28	11	14
1	28	11	15
1	28	11	16
1	28	11	17
1	18
1	19
1	28	11	20
1	28	11	21
1	28	11	22
1	13	23
1	28	11	24
1	28	11	25
1	28	11	26
1	28	11	27
1	28
1	28	29
1	28	11	30
1	28	11	31
1	28	11	32
2	11	28	1
2	11	3
2	11	4
2	11	5
2	11	6
2	11	7
2	11	8
2	11	9
2	11	10
2	11
2	11	12
2	11	13
2	11	14
2	11	15
2	11	16
2	11	17
2	11	18
2	23	19
2	11	20
2	11	21
2	11	22
2	23
2	11	24
2	11	25
2	11	26
2	11	27
2	11	28
2	23	29
2	11	30
2	11	31
2	11	32
3	1
3	11	2
3	4
3	11	5
3	11	6
3	11	7
3	11	8
3	11	9
3	11	10
3	11
3	11	12
3	1	13
3	11	14
3	11	15
3	11	16
3	11	17
3	18
3	23	19
3	11	20
3	11	21
3	11	22
3	23
3	11	24
3	11	25
3	11	26
3	11	27
3	1	28
3	23	29
3	11	30
3	11	31
3	11	32
4	1
4	11	2
4	3
4	11	5
4	11	6
4	11	7
4	11	8
4	11	9
4	11	10
4	11
4	11	12
4	1	13
4	11	14
4	11	15
4	11	16
4	11	17
4	18
4	23	19
4	11	20
4	11	21
4	11	22
4	23
4	11	24
4	11	25
4	11	26
4	11	27
4	1	28
4	23	29
4	11	30
4	11	31
4	11	32
5	11	28	1
5	11	2
5	11	3
5	11	4
5	6
5	11	7
5	11	8
5	11	9
5	11	10
5	11
5	11	12
5	11	13
5	11	14
5	15
5	11	16
5	17
5	11	18
5	11	19
5	11	20
5	11	21
5	22
5	11	2	23
5	11	24
5	11	25
5	11	26
5	11	27
5	11	28
5	11	28	29
5	11	30
5	11	31
5	11	32
6	11	28	1
6	11	2
6	11	3
6	11	4
6	5
6	11	7
6	11	8
6	11	9
6	11	10
6	11
6	11	12
6	11	13
6	11	14
6	15
6	11	16
6	17
6	11	18
6	11	19
6	11	20
6	11	21
6	22
6	11	2	23
6	11	24
6	11	25
6	11	26
6	11	27
6	11	28
6	11	28	29
6	11	30
6	11	31
6	11	32
7	11	28	1
7	11	2
7	11	3
7	11	4
7	11	5
7	11	6
7	11	8
7	11	9
7	11	10
7	11
7	11	12
7	11	13
7	11	14
7	11	15
7	11	16
7	11	17
7	11	18
7	11	19
7	11	20
7	11	21
7	11	22
7	11	2	23
7	11	24
7	11	25
7	11	26
7	11	27
7	11	28
7	11	28	29
7	11	30
7	11	31
7	11	32
8	11	28	1
8	11	2
8	11	3
8	11	4
8	11	5
8	11	6
8	11	7
8	9
8	11	10
8	11
8	11	12
8	11	13
8	11	14
8	11	15
8	16
8	11	17
8	11	18
8	11	19
8	20
8	21
8	11	22
8	11	2	23
8	11	24
8	25
8	26
8	27
8	11	28
8	11	28	29
8	11	30
8	11	31
8	32
9	11	28	1
9	11	2
9	11	3
9	11	4
9	11	5
9	11	6
9	11	7
9	8
9	11	10
9	11
9	11	12
9	11	13
9	11	14
9	11	15
9	16
9	11	17
9	11	18
9	11	19
9	20
9	21
9	11	22
9	11	2	23
9	11	24
9	25
9	26
9	27
9	11	28
9	11	28	29
9	11	30
9	11	31
9	32
10	11	28	1
10	11	2
10	11	3
10	11	4
10	11	5
10	11	6
10	11	7
10	11	8
10	11	9
10	11
10	12
10	11	13
10	11	14
10	11	15
10	11	16
10	11	17
10	11	18
10	11	19
10	11	20
10	11	21
10	11	22
10	11	2	23
10	11	24
10	11	25
10	11	26
10	11	27
10	11	28
10	11	28	29
10	11	30
10	31
10	11	32
11	28	1
11	2
11	3
11	4
11	5
11	6
11	7
11	8
11	9
11	10
11	12
11	13
11	14
11	15
11	16
11	17
11	18
11	19
11	20
11	21
11	22
11	2	23
11	24
11	25
11	26
11	27
11	28
11	28	29
11	30
11	31
11	32
12	11	28	1
12	11	2
12	11	3
12	11	4
12	11	5
12	11	6
12	11	7
12	11	8
12	11	9
12	10
12	11
12	11	13
12	11	14
12	11	15
12	11	16
12	11	17
12	11	18
12	11	19
12	11	20
12	11	21
12	11	22
12	11	2	23
12	11	24
12	11	25
12	11	26
12	11	27
12	11	28
12	11	28	29
12	11	30
12	31
12	11	32
13	1
13	11	2
13	1	3
13	1	4
13	11	5
13	11	6
13	11	7
13	11	8
13	11	9
13	11	10
13	11
13	11	12
13	11	14
13	11	15
13	11	16
13	11	17
13	1	18
13	1	19
13	11	20
13	11	21
13	11	22
13	23
13	11	24
13	11	25
13	11	26
13	11	27
13	1	28
13	23	29
13	11	30
13	11	31
13	11	32
14	11	28	1
14	11	2
14	11	3
14	11	4
14	11	5
14	11	6
14	11	7
14	11	8
14	11	9
14	11	10
14	11
14	11	12
14	11	13
14	11	15
14	11	16
14	11	17
14	11	18
14	11	19
14	11	20
14	11	21
14	11	22
14	11	2	23
14	11	24
14	11	25
14	11	26
14	11	27
14	11	28
14	11	28	29
14	30
14	11	31
14	11	32
15	11	28	1
15	11	2
15	11	3
15	11	4
15	5
15	6
15	11	7
15	11	8
15	11	9
15	11	10
15	11
15	11	12
15	11	13
15	11	14
15	11	16
15	17
15	11	18
15	11	19
15	11	20
15	11	21
15	22
15	11	2	23
15	11	24
15	11	25
15	11	26
15	11	27
15	11	28
15	11	28	29
15	11	30
15	11	31
15	11	32
16	11	28	1
16	11	2
16	11	3
16	11	4
16	11	5
16	11	6
16	11	7
16	8
16	9
16	11	10
16	11
16	11	12
16	11	13
16	11	14
16	11	15
16	11	17
16	11	18
16	11	19
16	20
16	21
16	11	22
16	11	2	23
16	11	24
16	25
16	26
16	27
16	11	28
16	11	28	29
16	11	30
16	11	31
16	32
17	11	28	1
17	11	2
17	11	3
17	11	4
17	5
17	6
17	11	7
17	11	8
17	11	9
17	11	10
17	11
17	11	12
17	11	13
17	11	14
17	15
17	11	16
17	11	18
17	11	19
17	11	20
17	11	21
17	22
17	11	2	23
17	11	24
17	11	25
17	11	26
17	11	27
17	11	28
17	11	28	29
17	11	30
17	11	31
17	11	32
18	1
18	11	2
18	3
18	4
18	11	5
18	11	6
18	11	7
18	11	8
18	11	9
18	11	10
18	11
18	11	12
18	1	13
18	11	14
18	11	15
18	11	16
18	11	17
18	23	19
18	11	20
18	11	21
18	11	22
18	23
18	11	24
18	11	25
18	11	26
18	11	27
18	1	28
18	23	29
18	11	30
18	11	31
18	11	32
19	1
19	23	2
19	23	3
19	23	4
19	11	5
19	11	6
19	11	7
19	11	8
19	11	9
19	11	10
19	11
19	11	12
19	1	13
19	11	14
19	11	15
19	11	16
19	11	17
19	23	18
19	11	20
19	11	21
19	11	22
19	23
19	11	24
19	11	25
19	11	26
19	11	27
19	28
19	29
19	11	30
19	11	31
19	11	32
20	11	28	1
20	11	2
20	11	3
20	11	4
20	11	5
20	11	6
20	11	7
20	8
20	9
20	11	10
20	11
20	11	12
20	11	13
20	11	14
20	11	15
20	16
20	11	17
20	11	18
20	11	19
20	21
20	11	22
20	11	2	23
20	11	24
20	25
20	26
20	27
20	11	28
20	11	28	29
20	11	30
20	11	31
20	32
21	11	28	1
21	11	2
21	11	3
21	11	4
21	11	5
21	11	6
21	11	7
21	8
21	9
21	11	10
21	11
21	11	12
21	11	13
21	11	14
21	11	15
21	16
21	11	17
21	11	18
21	11	19
21	20
21	11	22
21	11	2	23
21	11	24
21	25
21	26
21	27
21	11	28
21	11	28	29
21	11	30
21	11	31
21	32
22	11	28	1
22	11	2
22	11	3
22	11	4
22	5
22	6
22	11	7
22	11	8
22	11	9
22	11	10
22	11
22	11	12
22	11	13
22	11	14
22	15
22	11	16
22	17
22	11	18
22	11	19
22	11	20
22	11	21
22	11	2	23
22	11	24
22	11	25
22	11	26
22	11	27
22	11	28
22	11	28	29
22	11	30
22	11	31
22	11	32
23	13	1
23	2
23	3
23	4
23	2	11	5
23	2	11	6
23	2	11	7
23	2	11	8
23	2	11	9
23	2	11	10
23	2	11
23	2	11	12
23	13
23	2	11	14
23	2	11	15
23	2	11	16
23	2	11	17
23	18
23	19
23	2	11	20
23	2	11	21
23	2	11	22
23	2	11	24
23	2	11	25
23	2	11	26
23	2	11	27
23	19	28
23	29
23	2	11	30
23	2	11	31
23	2	11	32
24	11	28	1
24	11	2
24	11	3
24	11	4
24	11	5
24	11	6
24	11	7
24	11	8
24	11	9
24	11	10
24	11
24	11	12
24	11	13
24	11	14
24	11	15
24	11	16
24	11	17
24	11	18
24	11	19
24	11	20
24	11	21
24	11	22
24	11	2	23
24	11	25
24	11	26
24	11	27
24	11	28
24	11	28	29
24	11	30
24	11	31
24	11	32
25	11	28	1
25	11	2
25	11	3
25	11	4
25	11	5
25	11	6
25	11	7
25	8
25	9
25	11	10
25	11
25	11	12
25	11	13
25	11	14
25	11	15
25	16
25	11	17
25	11	18
25	11	19
25	20
25	21
25	11	22
25	11	2	23
25	11	24
25	26
25	27
25	11	28
25	11	28	29
25	11	30
25	11	31
25	32
26	11	28	1
26	11	2
26	11	3
26	11	4
26	11	5
26	11	6
26	11	7
26	8
26	9
26	11	10
26	11
26	11	12
26	11	13
26	11	14
26	11	15
26	16
26	11	17
26	11	18
26	11	19
26	20
26	21
26	11	22
26	11	2	23
26	11	24
26	25
26	27
26	11	28
26	11	28	29
26	11	30
26	11	31
26	32
27	11	28	1
27	11	2
27	11	3
27	11	4
27	11	5
27	11	6
27	11	7
27	8
27	9
27	11	10
27	11
27	11	12
27	11	13
27	11	14
27	11	15
27	16
27	11	17
27	11	18
27	11	19
27	20
27	21
27	11	22
27	11	2	23
27	11	24
27	25
27	26
27	11	28
27	11	28	29
27	11	30
27	11	31
27	32
28	1
28	11	2
28	1	3
28	1	4
28	11	5
28	11	6
28	11	7
28	11	8
28	11	9
28	11	10
28	11
28	11	12
28	1	13
28	11	14
28	11	15
28	11	16
28	11	17
28	1	18
28	19
28	11	20
28	11	21
28	11	22
28	19	23
28	11	24
28	11	25
28	11	26
28	11	27
28	29
28	11	30
28	11	31
28	11	32
29	28	1
29	23	2
29	23	3
29	23	4
29	28	11	5
29	28	11	6
29	28	11	7
29	28	11	8
29	28	11	9
29	28	11	10
29	28	11
29	28	11	12
29	23	13
29	28	11	14
29	28	11	15
29	28	11	16
29	28	11	17
29	23	18
29	19
29	28	11	20
29	28	11	21
29	28	11	22
29	23
29	28	11	24
29	28	11	25
29	28	11	26
29	28	11	27
29	28
29	28	11	30
29	28	11	31
29	28	11	32
30	11	28	1
30	11	2
30	11	3
30	11	4
30	11	5
30	11	6
30	11	7
30	11	8
30	11	9
30	11	10
30	11
30	11	12
30	11	13
30	14
30	11	15
30	11	16
30	11	17
30	11	18
30	11	19
30	11	20
30	11	21
30	11	22
30	11	2	23
30	11	24
30	11	25
30	11	26
30	11	27
30	11	28
30	11	28	29
30	11	31
30	11	32
31	11	28	1
31	11	2
31	11	3
31	11	4
31	11	5
31	11	6
31	11	7
31	11	8
31	11	9
31	10
31	11
31	12
31	11	13
31	11	14
31	11	15
31	11	16
31	11	17
31	11	18
31	11	19
31	11	20
31	11	21
31	11	22
31	11	2	23
31	11	24
31	11	25
31	11	26
31	11	27
31	11	28
31	11	28	29
31	11	30
31	11	32
32	11	28	1
32	11	2
32	11	3
32	11	4
32	11	5
32	11	6
32	11	7
32	8
32	9
32	11	10
32	11
32	11	12
32	11	13
32	11	14
32	11	15
32	16
32	11	17
32	11	18
32	11	19
32	20
32	21
32	11	22
32	11	2	23
32	11	24
32	25
32	26
32	27
32	11	28
32	11	28	29
32	11	30
32	11	31
